00000000
00000001
00010000
00100000

00000000
01100010
00000000
00100010

00000000
00100000
00010000
00100100

00000000
00000001
00001000
00100101

10001100
01000000 
00000000
00000010

10001100
00000010 
00000000
00000011

10001100
00100000
00000000
00000001

10001100
00000001 
00000000
00000100

00010000
01000011 
00000000
00000001

00010000
00000001 
00000000
00000100 

00001000
00000000
00000000
00001100 

00000000
00100000 
00010000
00100111 

10101100
00000000 
00000000
00000010

10101100
00100001
00000000
00000101

10101100
00000010 
00000000
00000100

10101100
01000011 
00000000
00000000