00000000
00000001 
00100000
00100000

00000000
00100000 
00101000
00100010

00000000
00100000 
00110000
00100100

00000000
00000011 
00111000
00100101

10001100
01100000 
00000000
00000000

10001100
00100001 
00000000
00000100

10001100
01000010 
00000000
00000011

10101100
01100011 
00000000
00000000

10101100
10000011 
00000000
00000011

10101100
10100101 
00000000
00000100 

10101100
11000110 
00000000
00000100 

00010000
00100110 
00000000
00001000

00001000
00000000
00000000
00100000 